{
  "X_scale": 141.21875,
  "X_offset": 801532.84375,
  "Y_scale": 100.0,
  "Y_offset": -5452266.5,
  "Z_scale": 128.125,
  "Z_offset": 3200266.875
}